version https://git-lfs.github.com/spec/v1
oid sha256:0ba259a5e15bca271c5abbeb29714d2271c809429b5e9321df855af3dcc8526f
size 5229785
